18.2708683013916
57.07430076599121
-3.481149673461914
7.6813507080078125
9.689847946166992
24.85171890258789
-2.3739871978759766
-16.562732696533203
11.771564483642578
15.726064682006836
42.20363807678223
25.52811622619629
39.61245155334473
69.2763614654541
30.897111892700195
43.6472110748291
32.164175033569336
32.65517044067383
69.8310775756836
40.94500541687012
62.74625015258789
65.11351013183594
86.0068359375
55.66460037231445
78.83493041992188
49.59724426269531
68.20594596862793
67.63637351989746
35.29184913635254
59.7396297454834
65.39216232299805
60.73880577087402
110.9017448425293
95.72762680053711
74.98092269897461
54.513919830322266
90.10130500793457
80.04591941833496
66.86444282531738
76.07844161987305
103.90806579589844
73.87202453613281
99.95292854309082
87.62907791137695
48.69536209106445
85.62588882446289
107.51621437072754
104.22442817687988
38.73592758178711
62.64095497131348
85.42866897583008
93.6484432220459
67.33526039123535
89.57096862792969
50.844194412231445
74.74460983276367
62.41010665893555
70.12198257446289
84.76394462585449
110.92937660217285
116.97462272644043
90.79359245300293
95.99327659606934
109.37101554870605
66.15784072875977
62.72032928466797
64.09963798522949
102.23007583618164
91.91956329345703
97.30182456970215
93.96364784240723
161.7384548187256
95.50050735473633
108.37759971618652
92.7013053894043
113.48559188842773
118.22610855102539
127.73869514465332
76.84940910339355
90.48042106628418
105.32114219665527
121.11812591552734
165.3068904876709
114.89288711547852
103.57152938842773
99.0484848022461
101.56461334228516
121.90611457824707
114.8833065032959
107.78324317932129
102.21965599060059
93.78188514709473
119.5634593963623
141.10509300231934
190.29711151123047
149.22794914245605
112.32036972045898
144.37282180786133
151.06011390686035
81.1739330291748
99.46502113342285
121.79098320007324
65.04581069946289
91.25645637512207
120.6169261932373
157.09299278259277
130.68085289001465
112.82305717468262
77.7585506439209
106.2949333190918
139.63299942016602
78.3104019165039
101.51328468322754
82.06452941894531
101.08606910705566
118.2963752746582
80.06005668640137
96.03397178649902
107.03241920471191
80.77814865112305
126.0012092590332
79.36004829406738
78.50195503234863
79.18704795837402
124.29096412658691
94.16908264160156
108.92776489257812
123.00800514221191
79.00277328491211
57.802743911743164
91.9706974029541
99.32565307617188
98.43899536132812
106.86657905578613
94.63484573364258
129.0510025024414
138.97659492492676
109.16344451904297
85.10760498046875
89.10563087463379
102.33030319213867
143.06956481933594
161.88471794128418
106.25338554382324
133.96224212646484
117.11769485473633
93.44193458557129
133.04686164855957
64.48100662231445
71.16586494445801
80.96278762817383
106.7766284942627
140.9490566253662
98.94760322570801
107.67902565002441
81.7724609375
95.61492156982422
96.42789649963379
105.26747512817383
145.5028305053711
97.87126731872559
50.34229850769043
87.99032020568848
135.2534580230713
105.76452827453613
79.32855606079102
109.49823570251465
79.96166801452637
93.7509593963623
91.45479393005371
104.1666030883789
140.45058250427246
108.66707229614258
105.00851821899414
87.32782936096191
128.0023136138916
136.5015048980713
117.87380027770996
135.13375663757324
139.5356616973877
131.14060401916504
106.51174926757812
97.31006240844727
126.25614356994629
142.59389877319336
109.42126846313477
88.29894256591797
62.942270278930664
125.19839286804199
112.23865509033203
104.61359977722168
113.3993091583252
116.81924247741699
119.42012214660645
123.23006248474121
148.22557640075684
82.43892860412598
92.04685974121094
137.08764839172363
177.5243854522705
97.34230995178223
152.0482292175293
175.89645767211914
132.82519721984863
136.87024688720703
111.15173530578613
133.69672966003418
132.3202781677246
95.73236656188965
135.11388969421387
92.82805633544922
119.32026290893555
134.69185066223145
92.04898834228516
75.49106407165527
125.07690620422363
97.17536735534668
113.08233451843262
116.27698707580566
78.91635322570801
126.79618072509766
140.0091381072998
115.4769515991211
138.07464981079102
105.51986503601074
124.85197830200195
128.93309211730957
138.7420539855957
166.65801620483398
155.07068634033203
126.45559120178223
95.71576118469238
131.77887344360352
142.97708892822266
122.85529518127441
99.62073707580566
119.03976440429688
107.2819652557373
163.40203285217285
93.89609909057617
99.90580940246582
103.45462799072266
99.94000625610352
108.24735069274902
93.95859718322754
136.19681930541992
129.10173416137695
53.72615623474121
113.34978294372559
97.00918769836426
100.97110748291016
118.2221622467041
148.48558807373047
162.33721160888672
119.33554077148438
151.08632469177246
95.28759002685547
96.87959671020508
121.58675193786621
95.14152336120605
135.58410263061523
91.46625137329102
96.7502613067627
97.06474685668945
137.83086967468262
114.89542579650879
98.64335060119629
125.85211372375488
94.81335067749023
92.04951858520508
88.63946723937988
108.12499046325684
111.84712409973145
112.95710754394531
132.52803230285645
126.06115531921387
93.32463836669922
122.48466682434082
125.92728614807129
157.45895767211914
138.38661193847656
115.2192211151123
116.39009666442871
120.4110279083252
97.76688385009766
156.46495246887207
106.82287788391113
101.07552909851074
139.3548183441162
119.39569854736328
116.50741195678711
102.27482986450195
101.4166145324707
125.9542407989502
142.77286529541016
150.2452564239502
133.4995346069336
104.07139015197754
141.45281410217285
120.54645538330078
